total_
89806
377303
215197
144846
152652
176400
179117
307734
223938
260549
296440

precise_
0.3750
0.6667
0.4000
0.4667
0.6667
0.6667
0.5333
0.4667
0.4667
0.1333
0.5333

recall_
0.5000
0.7692
0.4615
0.5385
0.7692
0.7692
0.6154
0.5385
0.5385
0.1538
0.6154

f-measure_
0.4286
0.7143
0.4286
0.5000
0.7143
0.7143
0.5714
0.5000
0.5000
0.1429
0.5714

total_
89806
377303
92060
215197
144846
152652
176400
179117
307734
223938
260549
296440

precise_
0.3750
0.6667
0.2857
0.4000
0.4667
0.6667
0.6667
0.5333
0.4667
0.4667
0.1333
0.5333

recall_
0.5000
0.7692
0.4000
0.4615
0.5385
0.7692
0.7692
0.6154
0.5385
0.5385
0.1538
0.6154

f-measure_
0.4286
0.7143
0.3333
0.4286
0.5000
0.7143
0.7143
0.5714
0.5000
0.5000
0.1429
0.5714

