

C34
3.6382
4.2034
18.4964
26.758000000000003
0
10.2667
5.7185
0
0
4.7767
4.789599999999999
1.9229999999999996
19.429399999999998


C32
3.9399
4.0624
18.855999999999998
26.7792
0
10.4261
6.932
0
0
6.0411
4.314299999999999
8.0141
10.634699999999999


C38
4.3201
3.6871
15.5903
26.487499999999997
0
12.546
6.3147
0
0
4.5869
6.3183
7.069299999999999
13.067599999999999


C6-
4.5819
2.8617000000000004
14.7105
29.8001
0
11.571
7.844799999999999
0
0
5.623600000000001
4.5188999999999995
7.080500000000001
11.4069


C19
11.3331
6.4618
18.2703
25.758000000000003
0
11.374300000000002
4.0815
0
0
2.3383
3.5010000000000003
2.2388
14.642799999999998


C3-
5.3661
4.3163
14.9531
27.8611
0
13.474699999999999
7.6815
0
0
5.2325
3.5834
6.7780000000000005
10.745399999999998


C7-
6.025099999999998
4.509900000000001
16.8967
27.4689
0
12.736799999999999
6.880699999999999
0
0
4.342300000000001
3.7803000000000004
6.5169000000000015
10.831


C31
7.545000000000001
5.6758
19.595499999999998
25.862499999999997
0
9.459999999999999
5.638
0
0
3.8461000000000007
3.3655999999999997
6.9243
12.0872


C11
5.0793
4.7988
17.915100000000002
24.615000000000002
0
12.4151
7.8499
0
0
4.998900000000001
3.8532999999999995
7.6262
10.8486


C39
6.7295
5.777099999999999
19.536400000000004
25.094099999999997
0
10.871099999999998
6.2834
0
0
5.397499999999999
3.6483000000000003
7.694800000000001
8.9679
