.02838
0.02948
0.14847
0.28930
0.00218
0.11245
0.08079
0.00437
0.01747
0.04803
0.06987
0.07205
0.09716

0.04942
0.03260
0.17876
0.25237
0.00105
0.11356
0.07045
0.00421
0.01577
0.07045
0.05258
0.05994
0.09884

0.05586
0.02452
0.14578
0.28883
0.00136
0.12398
0.09401
0.00272
0.01090
0.05995
0.03542
0.06676
0.08992

0.04140
0.02717
0.13195
0.28590
0.00647
0.11125
0.08021
0.00388
0.00906
0.05045
0.05045
0.06856
0.13325

0.02639
0.02902
0.13456
0.32454
0.00792
0.13193
0.07652
0.00264
0.01055
0.05541
0.04485
0.05805
0.09763

0.04944
0.02921
0.15730
0.27191
0.00112
0.12584
0.08989
0.00225
0.01011
0.06067
0.03820
0.07303
0.09101

0.07622
0.03413
0.13083
0.30603
0.00114
0.10694
0.07509
0.00228
0.01251
0.06030
0.03868
0.06371
0.09215

0.04566
0.03341
0.14477
0.27506
0.00557
0.11470
0.08797
0.00223
0.01002
0.05568
0.04009
0.07461
0.11024

0.05239
0.02392
0.12187
0.29954
0.00342
0.12301
0.09795
0.00228
0.01025
0.06378
0.03075
0.06606
0.10478

0.02119
0.04873
0.16314
0.21822
0.04873
0.08686
0.04873
0.00000
0.00212
0.01907
0.06780
0.01907
0.25636